name: Random Forest
r2_score: 0.26772325797211005
rmse: 0.5888089506086864
export_date: 2025-08-03T19:02:30.630439
